0 0.48583984375 0.4768880208333333 0.1015625 0.388671875
0 0.280029296875 0.4759114583333333 0.11199951171875 0.3942057291666667
0 0.058990478515625 0.4765625 0.1153564453125 0.3896484375
0 0.1715087890625 0.4781901041666667 0.1214599609375 0.3935546875
0 0.58642578125 0.875 0.09844970703125 0.24837239583333334
0 0.3779296875 0.4765625 0.1063232421875 0.3902994791666667
0 0.4853515625 0.875 0.0987548828125 0.24918619791666666
0 0.58251953125 0.4768880208333333 0.1007080078125 0.3854166666666667
0 0.383544921875 0.875 0.09503173828125 0.24593098958333334
0 0.78564453125 0.8761800130208334 0.105224609375 0.24763997395833334
0 0.787109375 0.4762369791666667 0.11181640625 0.3860677083333333
0 0.685546875 0.873046875 0.10504150390625 0.24869791666666666
0 0.88427734375 0.4775390625 0.10992431640625 0.3860677083333333
0 0.88134765625 0.8717447916666666 0.1094970703125 0.25146484375
0 0.07147216796875 0.8776041666666666 0.11358642578125 0.24251302083333334
0 0.68603515625 0.4781901041666667 0.106689453125 0.3870442708333333
0 0.1761474609375 0.8776041666666666 0.11102294921875 0.24283854166666666
0 0.281982421875 0.875 0.10577392578125 0.2431640625
0 0.431396484375 0.16349283854166666 0.0548095703125 0.16878255208333334
0 0.481689453125 0.1689453125 0.046478271484375 0.15625
0 0.04510498046875 0.08597819010416667 0.0902099609375 0.17195638020833334
0 0.382080078125 0.16658528645833334 0.05108642578125 0.15568033854166666
0 0.71630859375 0.09122721354166667 0.0970458984375 0.17936197916666666
0 0.1309814453125 0.08846028645833333 0.1014404296875 0.17399088541666666
0 0.62451171875 0.090576171875 0.091064453125 0.18098958333333334
0 0.904296875 0.09025065104166667 0.1019287109375 0.17903645833333334
0 0.229248046875 0.08878580729166667 0.0994873046875 0.17643229166666666