0 0.037125 0.31676190476190474 0.06351666666666667 0.18160317460317454
0 0.13928333333333331 0.2786190476190476 0.042133333333333335 0.2654761904761904
0 0.2534 0.7073492063492064 0.09178333333333333 0.5409999999999999
0 0.05856666666666667 0.6970793650793651 0.08154166666666667 0.49711111111111106
0 0.442875 0.7291904761904762 0.08135833333333338 0.5015555555555555
0 0.6434416666666667 0.7297301587301588 0.08874166666666668 0.5033650793650792
0 0.399475 0.21095238095238097 0.06424166666666664 0.3978888888888889
0 0.7545833333333334 0.22063492063492063 0.07083333333333333 0.44126984126984126
0 0.94775 0.24287301587301585 0.08770833333333333 0.4857460317460317
0 0.5712 0.21834920634920635 0.06994166666666672 0.4366984126984127
0 0.23779166666666668 0.2843650793650794 0.06780833333333333 0.24809523809523812